999999
999999
999999
999999
999999
999999
999999
999999
999999
False
False
False
50
92
92
150
0
50
20
15
85
0
50
130
75
125
0
50
70
40
140
0
50
50
140
120
0
50
105
65
140
0
50
110
60
130
0
50
70
55
115
0
50
50
45
115
0
50
60
75
125
0
50
75
80
225
0
50
70
105
135
0
50
59
50
137
0
50
100
60
135
0
50
85
70
174
0
50
75
85
150
0
50
115
80
170
0
50
95
50
105
0
50
85
80
170
0
50
40
80
100
0
50
70
92
128
0
50
95
69
120
0
50
69
90
138
0
50
110
80
150
0
50
120
120
180
0
50
105
130
150
0
50
112
45
115
0
50
140
65
135
0
50
95
66
150
0
50
90
100
150
0
50
100
90
150
0
50
90
70
130
0
50
125
100
135
0
50
60
100
145
0
50
72
72
161
0
50
70
40
110
0
50
63
40
101
0
50
85
100
150
0
50
60
86
163
0
50
77
72
183
0
50
117
184
155
0
50
87
60
106
0
50
125
125
135
0
50
50
80
160
0
50
20
40
110
0
50
75
30
105
0
50
40
55
100
0
50
115
65
124
0
50
105
115
132
0
50
48
41
110
0
50
123
60
121
0
50
112
65
180
0
50
92
65
130
0
50
52
47
120
0
50
145
92
175
0
50
62
80
120
0
50
130
80
155
0
50
70
100
120
0
50
90
40
125
0
50
75
75
135
0
50
55
60
100
0
50
64
91
169
0
50
80
95
135
0
50
75
35
110
0
50
69
85
115
0
50
125
80
180
0
50
85
55
139
0
50
45
35
119
0
50
52
67
102
0
50
125
70
125
0
50
127
53
113
0
50
83
100
139
0
50
120
110
140
0
50
20
20
85
0
50
10
10
315
0
50
60
32
105
0
50
105
105
130
0
50
90
60
129
0
50
103
85
130
0
50
80
10
110
0
50
110
95
155
0
50
30
38
102
0
50
59
58
119
0
50
115
70
115
0
50
65
30
100
0
50
123
75
160
0
50
130
60
120
0
50
69
91
120
0
50
89
79
127
0
50
24
24
117
0
50
127
99
171
0
50
105
70
128
0
50
30
50
100
0
50
65
60
115
0
50
49
49
105
0
50
66
44
115
0
50
36
38
98
0
50
29
29
100
0
50
45
50
120
0
50
139
139
167
0
50
85
60
110
0
50
115
55
130
0
50
80
80
160
0
50
100
105
130
0
50
62
40
110
0
50
50
150
110
0
50
60
90
140
0
50
100
90
134
0
50
108
133
134
0
50
90
65
105
0
50
35
25
110
0
50
70
70
130
0
50
30
35
105
0
50
100
100
160
0
50
101
103
157
0
50
115
90
160
0
50
125
80
135
0
50
113
65
230
0
50
68
45
168
0
50
55
90
120
0
50
5
5
310
0
50
50
40
100
0
50
84
78
138
0
50
82
95
117
0
50
52
43
99
0
50
64
58
118
0
50
65
92
136
0
50
60
87
130
0
50
35
62
105
0
50
107
122
148
0
50
61
65
116
0
50
64
50
110
0
50
80
80
115
0
50
120
80
140
0
50
49
65
105
0
50
58
58
104
0
50
50
90
135
0
50
38
38
135
0
50
30
65
105
0
50
95
60
135
0
50
116
75
140
0
50
64
32
95
0
50
53
62
110
0
50
73
88
131
0
50
70
120
120
0
50
70
73
155
0
50
45
48
130
0
50
25
28
110
0
50
68
60
110
0
50
75
60
190
0
50
95
180
110
0
50
80
120
170
0
50
90
129
151
0
50
50
145
118
0
50
30
30
90
0
50
85
85
120
0
50
52
90
111
0
50
140
95
165
0
50
130
69
182
0
50
80
35
103
0
50
55
95
125
0
50
87
105
158
0
50
67
55
128
0
50
29
131
103
0
50
29
31
103
0
50
27
60
100
0
50
132
77
157
0
50
82
57
107
0
50
81
97
146
0
50
85
55
130
0
50
125
30
127
0
50
120
55
123
0
50
70
75
180
0
50
61
61
108
0
50
90
80
145
0
50
55
78
141
0
50
80
80
125
0
50
105
125
130
0
50
50
50
140
0
50
70
40
115
0
50
50
95
110
0
50
80
49
132
0
50
95
50
120
0
50
45
40
100
0
50
95
65
130
0
50
52
43
99
0
50
80
115
117
0
50
140
55
165
0
50
75
75
138
0
50
90
45
130
0
50
107
100
138
0
50
58
57
127
0
50
60
50
120
0
50
65
50
112
0
50
65
90
130
0
50
55
45
105
0
50
69
72
135
0
50
150
150
110
0
50
70
80
150
0
50
75
60
135
0
50
40
52
98
0
50
131
100
130
0
50
120
150
160
0
50
100
150
110
0
50
56
77
145
0
50
55
25
70
0
50
80
110
140
0
50
48
48
108
0
50
110
70
120
0
50
85
45
95
0
50
53
60
112
0
50
100
115
210
0
50
120
60
150
0
50
35
80
110
0
50
110
150
119
0
50
90
100
150
0
50
100
90
150
0
50
75
90
125
0
50
120
75
148
0
50
80
50
128
0
50
60
85
138
0
50
90
60
130
0
50
64
45
101
0
50
115
90
150
0
50
60
30
88
0
50
80
90
210
0
50
50
60
150
0
50
85
40
120
0
50
60
55
125
0
50
48
45
120
0
50
120
90
137
0
50
80
100
132
0
50
44
50
122
0
50
100
80
185
0
50
100
50
95
0
50
70
70
160
0
50
40
50
125
0
50
95
115
130
0
50
109
112
118
0
50
70
130
100
0
50
100
65
105
0
50
40
90
80
0
50
50
90
120
0
50
65
85
110
0
50
85
70
125
0
50
115
80
145
0
50
55
50
115
0
50
80
110
135
0
50
60
44
95
0
50
50
90
120
0
50
83
57
125
0
50
123
95
135
0
50
45
40
100
0
50
50
70
120
0
50
63
37
105
0
50
55
55
115
0
50
123
65
170
0
50
75
60
115
0
50
86
111
144
0
50
115
70
134
0
50
115
85
175
0
50
135
105
130
0
50
60
60
155
0
50
65
60
125
0
50
48
54
122
0
50
85
95
200
0
50
135
60
170
0
50
40
80
120
0
50
95
85
155
0
50
91
63
164
0
50
100
100
125
0
50
90
55
112
0
50
90
70
180
0
50
90
65
125
0
50
15
80
80
0
50
45
40
100
0
50
105
100
145
0
50
50
91
104
0
50
94
131
134
0
50
91
82
148
0
50
55
70
97
0
50
45
40
130
0
50
49
49
109
0
50
55
55
130
0
50
38
39
104
0
50
115
74
142
0
50
110
80
130
0
50
130
60
125
0
50
73
55
122
0
50
50
43
105
0
50
35
30
90
0
50
105
85
145
0
50
45
47
114
0
50
80
63
121
0
50
65
68
138
0
50
55
55
115
0
50
100
80
140
0
50
55
35
100
0
50
55
45
129
0
50
90
140
135
0
50
117
70
126
0
50
75
45
125
0
50
40
50
115
0
50
56
40
101
0
50
63
52
114
0
50
80
80
130
0
50
65
60
130
0
50
45
59
127
0
50
80
60
135
0
50
76
64
145
0
50
90
50
128
0
50
125
65
128
0
50
77
60
130
0
50
95
82
140
0
50
130
80
168
0
50
65
125
128
0
50
100
130
160
0
50
35
30
90
0
50
83
92
171
0
50
65
60
120
0
50
80
100
100
0
50
60
95
147
0
50
70
40
118
0
50
135
130
145
0
50
30
70
105
0
50
80
65
130
0
50
100
100
210
0
50
60
130
125
0
50
80
80
140
0
50
55
42
109
0
50
145
130
160
0
50
75
105
125
0
50
35
42
108
0
50
55
90
143
0
50
95
45
135
0
50
65
70
120
0
50
100
62
183
0
50
80
70
135
0
50
67
60
105
0
50
82
78
140
0
50
120
130
140
0
50
74
50
119
0
50
125
140
135
0
50
124
80
149
0
50
100
70
150
0
50
50
35
105
0
50
84
105
115
0
50
40
60
100
0
50
30
50
105
0
50
55
95
130
0
50
45
70
120
0
50
115
121
165
0
50
90
122
125
0
50
95
65
123
0
50
120
75
150
0
50
118
90
140
0
50
95
115
115
0
50
131
131
175
0
50
61
60
110
0
50
95
95
180
0
50
95
67
132
0
50
80
50
140
0
50
120
65
155
0
50
65
50
110
0
50
89
55
135
0
50
150
90
160
0
50
65
85
110
0
50
70
45
115
0
50
62
45
107
0
50
45
110
140
0
50
43
53
130
0
50
110
60
148
0
50
105
85
145
0
50
101
53
283
0
50
125
79
155
0
50
75
90
115
0
50
5
15
160
0
50
120
60
204
0
50
30
45
102
0
50
90
95
117
0
50
40
65
117
0
50
50
45
105
0
50
92
75
138
0
50
147
90
136
0
50
97
66
145
0
50
90
130
151
0
50
55
52
122
0
50
38
33
104
0
50
125
75
140
0
50
80
65
125
0
50
72
38
128
0
50
112
68
168
0
50
105
79
110
0
50
120
53
110
0
50
95
95
110
0
50
130
154
166
0
50
125
105
160
0
50
80
100
105
0
50
110
60
140
0
50
30
30
120
0
50
35
40
95
0
50
40
70
90
0
50
90
50
135
0
50
60
30
105
0
50
101
100
132
0
50
104
105
115
0
50
80
110
166
0
50
105
90
152
0
50
73
70
145
0
50
30
15
150
0
50
47
85
125
0
50
45
30
105
0
50
115
80
155
0
50
65
55
120
0
50
104
104
136
0
50
54
53
113
0
50
85
65
130
0
50
120
80
150
0
50
80
114
116
0
50
72
100
150
0
50
140
108
214
0
50
80
86
154
0
50
130
88
150
0
50
70
60
140
0
50
134
110
160
0
50
112
120
150
0
50
130
90
134
0
50
62
63
120
0
50
55
65
105
0
50
60
70
160
0
50
45
20
175
0
50
100
100
160
0
50
65
60
125
0
50
47
50
110
0
50
55
70
135
0
50
50
35
125
0
50
80
90
90
0
50
115
105
120
0
50
35
30
100
0
50
25
50
105
0
50
95
80
165
0
50
75
45
110
0
50
181
131
119
0
50
90
120
120
0
50
70
60
130
0
50
135
120
160
0
50
95
95
135
0
50
130
115
115
0
50
35
65
98
0
50
80
95
120
0
50
100
115
130
0
50
135
95
130
0
50
80
91
117
0
50
55
70
100
0
50
100
115
120
0
50
65
95
100
0
50
115
75
125
0
50
110
125
135
0
50
135
115
160
0
50
105
90
90
0
50
25
25
97
0
50
85
55
137
0
50
82
45
120
0
50
117
80
155
0
50
90
60
120
0
50
100
140
160
0
50
130
90
185
0
50
90
50
120
0
50
40
60
120
0
50
125
90
149
0
50
58
58
185
0
50
85
80
190
0
50
85
55
115
0
50
64
50
110
0
50
80
130
140
0
50
90
110
140
0
50
110
60
125
0
50
103
80
135
0
50
45
40
114
0
50
35
50
115
0
50
20
30
100
0
50
85
80
170
0
50
55
75
150
0
50
88
50
124
0
50
41
77
126
0
50
60
75
130
0
50
60
45
105
0
50
70
61
138
0
50
50
58
122
0
50
65
40
105
0
50
30
55
110
0
50
102
78
131
0
50
50
70
120
0
50
76
54
125
0
50
30
50
100
0
50
71
43
144
0
50
110
115
130
0
50
70
100
140
0
50
90
130
166
0
50
69
69
129
0
50
113
89
197
0
50
55
85
150
0
50
105
90
130
0
50
30
97
103
0
50
85
60
120
0
50
120
95
140
0
50
115
65
135
0
50
120
90
140
0
50
130
80
150
0
50
100
70
140
0
50
80
50
130
0
50
75
37
105
0
50
50
120
120
0
50
95
115
140
0
50
10
55
80
0
50
95
57
125
0
50
95
125
135
0
50
35
70
85
0
50
60
95
110
0
50
70
130
130
0
50
60
30
132
0
50
92
88
146
0
50
130
70
170
0
50
100
100
160
0
50
65
105
170
0
50
75
60
130
0
50
80
35
100
0
50
40
140
145
0
50
20
60
105
0
50
86
67
135
0
50
53
62
110
0
50
40
40
115
0
50
20
50
130
0
50
80
110
120
0
50
125
80
150
0
50
85
60
130
0
50
78
60
120
0
50
60
80
130
0
50
75
70
134
0
50
85
55
110
0
50
60
60
120
0
50
40
40
90
0
50
82
100
140
0
50
143
143
195
0
50
65
65
106
0
50
110
70
136
0
50
48
76
134
0
50
45
35
100
0
50
105
105
140
0
50
135
90
140
0
50
75
80
120
0
50
20
55
110
0
50
100
100
160
0
50
110
90
166
0
50
85
50
105
0
50
125
60
125
0
50
90
60
130
0
50
40
40
105
0
50
60
81
155
0
50
80
105
155
0
50
25
70
80
0
50
90
80
115
0
50
50
40
115
0
50
60
100
120
0
50
40
50
120
0
50
85
100
160
0
50
60
60
120
0
50
60
105
120
0
50
100
85
150
0
50
78
78
124
0
50
35
55
100
0
50
60
45
125
0
50
95
58
118
0
50
94
94
130
0
50
45
65
100
0
50
85
75
140
0
50
100
70
130
0
50
70
50
110
0
50
125
100
160
0
50
105
75
165
0
50
85
40
195
0
50
75
66
148
0
50
25
45
136
0
50
85
42
120
0
50
55
85
176
0
50
55
75
115
0
50
60
100
120
0
50
73
73
133
0
50
50
45
100
0
50
107
101
157
0
50
28
28
100
0
50
102
77
141
0
50
92
87
150
0
50
57
40
106
0
50
47
52
115
0
50
62
67
130
0
50
72
57
121
0
50
53
47
169
0
50
45
30
91
0
50
76
75
133
0
50
90
50
121
0
50
50
50
160
0
50
30
35
100
0
50
70
80
145
0
50
45
135
90
0
50
60
45
120
0
50
70
40
130
0
50
46
40
93
0
50
90
101
153
0
50
105
75
135
0
50
50
55
105
0
50
120
84
140
0
50
100
75
170
0
50
128
115
148
0
50
40
100
95
0
50
60
125
130
0
50
45
160
95
0
50
60
80
150
0
50
45
110
120
0
50
70
70
135
0
50
85
145
130
0
50
55
45
115
0
50
115
95
145
0
50
45
45
120
0
50
70
72
160
0
50
120
150
150
0
50
75
110
145
0
50
65
55
135
0
50
82
62
127
0
50
124
78
155
0
50
53
48
110
0
50
53
48
110
0
50
53
48
110
0
50
70
55
95
0
50
95
80
120
0
50
120
60
160
0
50
55
39
105
0
50
50
20
105
0
50
75
40
120
0
50
115
70
130
0
50
85
70
105
0
50
50
100
120
0
50
110
100
130
0
50
70
60
125
0
50
35
50
105
0
50
60
60
150
0
50
70
48
103
0
50
137
37
131
0
50
80
80
140
0
50
40
15
80
0
50
80
75
143
0
50
60
55
123
0
50
45
40
100
0
50
55
50
110
0
50
93
55
150
0
50
55
40
95
0
50
75
30
95
0
50
100
80
160
0
50
101
95
108
0
50
65
90
110
0
50
125
100
125
0
50
51
61
113
0
50
50
40
120
0
50
73
67
127
0
50
75
75
150
0
50
50
40
100
0
50
65
65
125
0
50
95
95
150
0
50
45
45
100
0
50
65
65
120
0
50
85
55
110
0
50
55
30
95
0
50
54
66
110
0
50
60
70
125
0
50
80
135
145
0
50
80
90
145
0
50
74
126
140
0
50
105
60
125
0
50
66
81
124
0
50
55
75
120
0
50
52
48
110
0
50
66
70
109
0
50
84
70
130
0
50
50
37
101
0
50
82
64
131
0
50
68
72
146
0
50
60
130
115
0
50
85
65
155
0
50
120
80
145
0
50
65
45
115
0
50
85
65
130
0
50
64
58
118
0
50
78
95
121
0
50
95
55
125
0
50
86
60
125
0
50
50
85
135
0
50
73
91
185
0
50
90
55
120
0
50
85
75
150
0
50
25
45
88
0
50
165
65
157
0
50
100
70
125
0
50
81
60
115
0
50
56
35
90
0
50
150
90
165
0
50
50
200
140
0
50
100
50
260
0
50
100
50
140
0
50
160
80
170
0
50
100
100
140
0
50
75
150
140
0
50
90
65
160
0
50
50
60
101
0
50
65
35
95
0
50
120
100
160
0
50
65
75
170
0
50
119
90
140
0
50
130
120
165
0
50
85
95
140
0
50
140
55
175
0
50
55
60
120
0
50
125
90
160
0
50
70
35
100
0
50
139
71
165
0
50
75
85
115
0
50
40
50
90
0
50
47
35
98
0
50
60
80
110
0
50
70
125
120
0
50
50
95
110
0
50
55
55
128
0
50
83
50
130
0
50
95
145
118
0
50
75
65
110
0
50
135
80
155
0
50
44
40
108
0
50
64
60
128
0
50
100
85
155
0
50
107
125
132
0
50
72
35
110
0
50
75
85
110
0
50
100
110
135
0
50
81
97
145
0
50
55
80
115
0
50
125
75
135
0
50
100
70
140
0
50
35
40
98
0
50
85
105
130
0
50
130
100
130
0
50
100
89
120
0
50
71
40
110
0
50
108
65
125
0
50
90
115
125
0
50
75
70
110
0
50
65
99
175
0
50
110
80
130
0
50
65
95
115
0
50
92
65
140
0
50
60
70
150
0
50
40
30
100
0
50
45
55
125
0
50
95
75
165
0
50
46
34
95
0
50
75
95
135
0
50
60
75
120
0
50
100
60
133
0
50
53
70
105
0
50
120
95
130
0
50
100
100
160
0
50
90
30
1
0
50
95
50
125
0
50
65
100
90
0
50
48
57
136
0
50
40
85
110
0
50
42
42
90
0
50
100
60
150
0
50
45
80
120
0
50
65
40
105
0
50
65
35
100
0
50
40
60
120
0
50
10
230
80
0
50
75
65
104
0
50
58
80
132
0
50
35
25
110
0
50
57
75
112
0
50
95
95
155
0
50
98
63
135
0
50
98
63
135
0
50
98
63
135
0
50
60
106
131
0
50
45
45
100
0
50
135
95
122
0
50
65
45
110
0
50
80
140
125
0
50
75
100
164
0
50
65
48
126
0
50
45
50
115
0
50
45
65
110
0
50
50
30
100
0
50
60
60
110
0
50
93
71
163
0
50
55
55
130
0
50
160
100
210
0
50
60
35
120
0
50
75
53
128
0
50
135
79
145
0
50
75
110
155
0
50
75
80
155
0
50
65
65
150
0
50
40
40
100
0
50
80
86
142
0
50
20
35
115
0
50
35
45
101
0
50
30
15
105
0
50
95
55
115
0
50
130
60
140
0
50
45
55
105
0
50
25
35
90
0
50
110
65
220
0
50
50
50
110
0
50
62
62
120
0
50
80
50
120
0
50
40
40
110
0
50
137
107
197
0
50
30
40
105
0
50
95
65
150
0
50
60
30
100
0
50
65
60
160
0
50
22
60
105
0
50
40
50
130
0
50
79
92
120
0
50
60
40
100
0
50
60
60
120
0
50
92
92
110
0
50
25
80
120
0
50
61
54
100
0
50
52
60
138
0
50
96
51
142
0
50
48
65
104
0
50
131
211
121
0
50
95
62
133
0
50
120
50
145
0
50
75
40
115
0
50
55
30
100
0
50
75
85
120
0
50
45
55
90
0
50
40
48
112
0
50
125
135
160
0
50
110
90
145
0
50
75
50
130
0
50
66
84
169
0
50
63
41
123
0
50
100
115
130
0
50
75
115
160
0
50
75
55
135
0
50
30
30
90
0
50
30
50
100
0
50
40
75
105
0
50
63
90
115
0
50
73
83
160
0
50
110
85
160
0
50
87
63
135
0
50
85
60
120
0
50
50
40
110
0
50
48
66
122
0
50
57
55
127
0
50
65
65
155
0
50
31
41
121
0
50
55
30
100
0
50
81
71
138
0
50
50
45
110
0
50
55
115
125
0
50
100
110
160
0
50
130
115
130
0
50
75
115
130
0
50
115
85
130
0
50
85
75
130
0
50
41
45
95
0
50
50
60
128
0
50
100
95
135
0
50
80
50
120
0
50
40
35
100
0
50
70
65
140
0
50
63
45
125
0
50
65
85
150
0
50
129
90
151
0
50
58
58
130
0
50
100
85
180
0
50
115
70
139
0
50
85
70
130
0
50
80
55
135
0
50
110
125
215
0
50
45
45
110
0
50
75
77
145
0
50
55
55
125
0
50
78
103
114
0
50
40
35
100
0
50
70
65
140
0
50
98
63
125
0
50
50
120
145
0
50
20
65
95
0
50
40
85
115
0
50
60
70
105
0
50
85
140
130
0
50
115
70
139
0
50
85
50
125
0
50
109
75
155
0
50
65
64
110
0
50
120
75
140
0
50
63
152
110
0
50
38
35
100
0
50
106
86
143
0
50
98
70
135
0
50
77
62
122
0
50
100
45
105
0
50
45
65
100
0
50
110
76
145
0
50
68
87
159
0
50
50
62
110
0
50
85
40
115
0
50
120
98
132
0
50
78
135
120
0
50
68
45
115
0
50
50
40
110
0
50
55
40
95
0
50
95
95
155
0
50
84
78
138
0
50
134
110
160
0
50
121
119
142
0
50
35
35
95
0
50
89
77
118
0
50
65
110
155
0
50
115
80
140
0
50
72
48
108
0
50
140
105
190
0
50
130
75
150
0
50
130
100
160
0
50
75
75
135
0
50
65
65
111
0
50
50
50
96
0
50
95
85
131
0
50
65
60
190
0
50
70
63
105
0
50
102
73
150
0
50
45
59
90
0
50
65
60
130
0
50
55
50
120
0
50
82
83
140
0
50
80
80
130
0
50
70
50
110
0
50
100
100
160
0
50
105
65
140
0
50
80
55
140
0
50
70
90
137
0
50
80
85
135
0
50
90
129
151
0
50
52
50
140
0
50
73
85
125
0
50
110
120
140
0
50
60
135
145
0
50
30
50
100
0
50
55
75
130
0
50
41
40
98
0
50
70
35
190
0
50
90
45
230
0
50
83
91
159
0
50
80
90
170
0
50
63
80
119
0
50
85
69
120
0
50
40
35
100
0
50
120
45
130
0
50
35
30
100
0
50
90
50
125
0
50
90
120
125
0
50
67
85
120
0
50
55
99
100
0
50
78
76
170
0
50
51
23
124
0
50
70
45
200
0
50
55
25
70
0
50
35
40
85
0
50
30
30
100
0
50
20
25
105
0
50
85
100
145
0
50
33
58
250
0
50
45
43
125
0
50
40
55
102
0
50
45
45
115
0
50
59
79
120
0
50
100
50
95
0
50
45
30
105
0
50
23
48
155
0
50
105
72
163
0
50
75
70
125
0
50
131
95
186
0
50
89
71
143
0
50
30
85
98
0
50
45
50
119
0
50
65
45
125
0
50
76
116
146
0
50
70
30
108
0
50
131
95
186
0
50
120
115
152
0
50
120
115
152
0
50
115
60
133
0
50
90
85
150
0
50
120
95
165
0
50
100
63
135
0
50
150
120
160
0
50
112
75
148
0
50
30
41
98
0
50
105
60
120
0
50
65
40
100
0
50
45
35
100
0
50
85
70
132
0
50
100
121
168
0
50
90
135
130
0
50
84
65
121
0
50
134
95
151
0
50
65
40
105
0
50
85
200
135
0
999999
True
Boulder Badge
Cascade Badge
Thunder Badge
Rainbow Badge
Soul Badge
Marsh Badge
Volcano Badge
Earth Badge
